id,orientation-0_mean,orientation-0_std,orientation-1_mean,orientation-1_std,orientation-2_mean,orientation-2_std,orientation-3_mean,orientation-3_std,orientation-4_mean,orientation-4_std,orientation-5_mean,orientation-5_std,aspectratio-0_mean,aspectratio-0_std,aspectratio-1_mean,aspectratio-1_std,size_mean,size_std,solidity_mean,solidity_std,roundness_mean,roundness_std,volume_fraction
Spec-0,0.373140672714338,0.361175280792315,0.265684046493347,-0.0252285607018506,-0.0364260317026803,-0.00546997037356003,0.327880486232807,0.321324086963471,0.27318509278217,0.248108688718542,0.244596114269446,0.262083873787019,0.692471611216441,0.46418826354641,0.138042654834788,0.0915641162780362,6.01965472282832,2.11380424839777,0.96527183663718,0.0303625956700061,0.297964158624135,0.101606941271723,0.346817919095255
Spec-1,0.324160759144459,0.354717352688112,0.321121888167428,0.0237208704137806,0.0227120659021323,0.0170805992420094,0.307251208785444,0.314178453037986,0.307708209782423,0.252943746843096,0.241885427613837,0.256148393815199,0.693094088512776,0.414168592410488,0.138573650103821,0.104945277489603,13.6880800786469,4.47597959401424,0.851366958671491,0.0975454228915762,0.210755370070189,0.0869306677531226,0.386223135042547
Spec-10,0.342925682273673,0.329461453847391,0.327612863878936,0.00394250157073435,-0.00810503046692133,-0.00780394539431756,0.309316964152597,0.301727253537641,0.307888190113624,0.250877191453297,0.250332930950284,0.258962693081155,0.686180631791969,0.404922506083315,0.141166523180018,0.0976888710305962,12.1332470919788,3.34681400619078,0.875065156520983,0.0510420422034263,0.209093462548116,0.0825886706470977,0.337121837302256
Spec-100,0.343093899255715,0.346565818426347,0.310340282317939,-0.00056355273925073,0.0232279879849029,-0.00837650890314114,0.316436135989581,0.317267496386052,0.300596444955385,0.249503142452673,0.24730513853923,0.252536082358164,0.685874339126195,0.403991976608603,0.140470393107536,0.0978482166364068,13.6732207303249,4.07832954083027,0.865931781369801,0.0714015573985001,0.208289839098902,0.0845314459486575,0.339294928205924
Spec-101,0.34247945630328,0.330274139533617,0.327246404163104,-0.00455606037023123,-0.00459440773776068,0.00134781232515785,0.319543334258328,0.311533141828541,0.311565433804069,0.249317531300582,0.247188131462561,0.249357930978347,0.69058575740276,0.41337355744175,0.141738543166787,0.104199459517991,9.80921676284608,2.65431320548288,0.874050191209798,0.054506893578655,0.212801520099546,0.0906359103216412,0.160133186226822
Spec-102,0.33151675587953,0.347089876666693,0.321393367453777,-0.00313412978360436,0.0067517313904207,-0.00356156359748164,0.311682793382954,0.312832252892302,0.300368956012104,0.257235876849573,0.248682302868283,0.250518606722611,0.692950304995085,0.412636788879899,0.137748529239541,0.101958579010716,11.3109058142887,3.00523278225266,0.875842279087149,0.0576795121735396,0.215132379516366,0.0869885109421729,0.278124821084895
Spec-103,0.330087142318618,0.346283365146624,0.323629492534758,0.00532106177623663,-0.00508273705243334,-0.00274675950832447,0.306368719497688,0.314210406624263,0.30576431076209,0.250940282525936,0.250186189911728,0.254676711051078,0.695164901527351,0.414987438105879,0.139060258262218,0.105728787082255,12.5214823701406,3.85233829851854,0.849315230062839,0.0983716196419084,0.209306036683441,0.0865077248790993,0.315561995126811
Spec-104,0.335767992017768,0.323513028470623,0.340718979511609,-0.0117720370274642,-0.0109440618378505,0.00540887161706268,0.314957497118622,0.308509269335468,0.314594766813403,0.250420069257651,0.250774682969368,0.246957810767236,0.698256717343136,0.414960812993453,0.140218423759284,0.0999147566278785,11.3381569273521,3.12372842714645,0.875396837916467,0.0569268798042305,0.217442800918966,0.0861067227226757,0.280750341700356
Spec-105,0.326294746769503,0.336968868488923,0.336736384741574,0.00548044942371497,0.00579242795330481,-0.00825338413052411,0.306126389510888,0.310601789146833,0.312193892037135,0.251835852385117,0.250161010720799,0.252216994832133,0.691519278054526,0.415211100160415,0.139585997881268,0.101492937012169,11.7306271553279,3.26633349685103,0.872370068073597,0.061236680941424,0.215281471623819,0.0862152821584873,0.331361394680103
Spec-106,0.325195174318144,0.331296263965881,0.343508561715974,0.00116093203146939,0.00754761815658325,-0.00073551965187904,0.297213626987845,0.309867314757705,0.311263077763765,0.248212103333586,0.259109918753553,0.253153755851707,0.689804778492117,0.412137139412805,0.140030299568423,0.102985099146626,11.6688503263944,3.24692738558013,0.874560516017293,0.0585767895935417,0.213714353293396,0.0868039733945813,0.332550588091513
Spec-107,0.337661759915538,0.324234578243661,0.338103661840801,-0.00102294509752048,-0.00145779003492722,0.0161358677725877,0.312222707313084,0.304726105528218,0.310471743358004,0.252636867239132,0.252472973774924,0.249664090134363,0.688448391679216,0.421691802132993,0.139521675042825,0.10680962412191,12.6062383694346,3.97490841331653,0.85007188256131,0.0989732456415304,0.211378065064464,0.0876110348708324,0.423842469355305
Spec-108,0.34066933934472,0.326776052939184,0.332554607716097,-0.00485998697801962,0.0130984117782882,-9.75635039170806e-07,0.309157052492855,0.310406451065443,0.308230662720759,0.246660177840251,0.257081921059684,0.250891792996132,0.692965969837056,0.418837186682234,0.138543756627922,0.10829356289101,12.4412816623482,3.64912885486339,0.853965610422135,0.0964607668139588,0.212852418686279,0.0906487665822671,0.403234186681183
Spec-109,0.323527884934611,0.333869375971186,0.342602739094203,-0.000569310673742057,0.00773303553300523,-0.00729332266199898,0.305043191974836,0.306854178586127,0.313380792682286,0.254600495932961,0.249647870983942,0.252092985453713,0.68732514516341,0.419852465391718,0.139841760598406,0.111407844761817,12.9549254731339,4.11695807227266,0.851560479571751,0.0986612392259464,0.212700889731311,0.0928362553857017,0.43687672998642
Spec-11,0.327000922107137,0.330321911239149,0.342677166653714,-0.0130716000038716,0.00376904940879452,0.00220035585523958,0.30954952926374,0.309322409071441,0.309341427338076,0.255630368227755,0.253424731483567,0.245359913284433,0.688246489231736,0.406256524810838,0.144105081444325,0.0985768904848561,12.1519416346108,3.33204813501559,0.87299176254461,0.0551369696120608,0.210707840345337,0.0864816846578112,0.339301540184909
Spec-110,0.341150756972817,0.330468216015419,0.328381027011764,0.00300882412349042,0.00174068852473945,-0.0083770320729073,0.313217297713531,0.308447710390281,0.307405694347828,0.250670099513063,0.251768441076403,0.251775822734246,0.695557580858704,0.419493635131799,0.141139366734108,0.10839527860838,13.077200155232,4.25777590349135,0.844893529799975,0.105044490824389,0.209960925778791,0.0883238815556979,0.437119638358147
Spec-111,0.330646011717911,0.335756815659782,0.333597172622306,-0.0205607120257997,0.00518849266339721,0.0103503810083324,0.308742439008324,0.315037671045018,0.311238306007086,0.247558489676725,0.252787981457889,0.249312533587376,0.6883932597153,0.409022761755452,0.139443535480313,0.101329862380677,11.2461165851216,3.1012431790727,0.877717237484769,0.0526741043304126,0.212319507414736,0.0863472630499081,0.27700507827224
Spec-112,0.346522381465539,0.333339802888647,0.320137815645814,-0.00672899776051898,0.0110353667937607,0.00315841416266729,0.311463766018253,0.307121701156597,0.300243349869964,0.251072986005814,0.253967059278855,0.254975497360118,0.689784333757983,0.412850721752311,0.14115418210235,0.104118865358766,10.6605706868519,2.91746148601686,0.874527008917609,0.0564525434309501,0.214966921044091,0.0902532307253343,0.219818831200528
Spec-113,0.330208198555393,0.331063119308798,0.33872868213581,0.00276759804745436,0.00557090764139507,-0.00126296183472175,0.306479449768726,0.306966417739557,0.312465446174939,0.251580004256308,0.251551014713844,0.253336885098261,0.684522218010593,0.41137798255891,0.142774057690171,0.0998141738620034,8.86197440562101,2.4226856534286,0.876532407248752,0.0579881840740749,0.208790944183115,0.0844827501985364,0.10229656029418
Spec-114,0.331840138824095,0.339369506787113,0.328790354388792,-0.00254383706575215,0.00314575624953819,0.0160772541108649,0.314907024555668,0.311930047583933,0.311504109481289,0.253170787463619,0.244434101477171,0.25049462365559,0.692323833058354,0.411131391055637,0.142977976462173,0.105145474881806,10.697904321069,3.00314077567989,0.876148330626039,0.0536359184393769,0.214713749246215,0.0895329659588041,0.221706139880472
Spec-115,0.343580521622648,0.337628676255898,0.318790802121454,-0.0128217132563708,-0.0193474082165773,-0.0168394405268877,0.310069554837971,0.305950214981065,0.304796245114655,0.249789163009916,0.248085045298621,0.259636409221057,0.685160338508511,0.410742058135389,0.142415019518412,0.108818217902812,9.91067154713492,2.69011354231966,0.873642403796357,0.0557375635130465,0.211548338638135,0.0914642673919134,0.159839369469564
Spec-116,0.346665544878379,0.324228967105235,0.329105488016387,-0.00735525038370244,0.00354597328917746,0.00916378406440188,0.312535504995162,0.308777841293148,0.309043848149953,0.24529324528631,0.255473796404848,0.252324322481068,0.699824170212183,0.425305808433929,0.143970231446929,0.111859130584193,12.7739608090481,3.91833112611082,0.850983022053331,0.0966441472120019,0.216603814742798,0.0901017166489993,0.360790835555773
Spec-117,0.324596993360501,0.351172333009894,0.324230673629605,-0.0100925378322306,0.00713601553103657,-0.0101074834554683,0.300254622663396,0.312438874514846,0.303582022533909,0.253080273843604,0.250881211059718,0.257268902262027,0.684846213213339,0.40747162625663,0.144815801010282,0.100517509596245,10.7241026882125,2.85583873655843,0.874110993484282,0.0549295935358783,0.20893914241984,0.0862381454681512,0.218432002088537
Spec-118,0.317345628377424,0.348076517444831,0.334577854177744,0.00261210287022728,0.00552949676127497,-0.000275304247957127,0.306171664539628,0.307884546278146,0.308739108324309,0.261500258912333,0.24314248615808,0.252910583007637,0.689160946997392,0.418721149837871,0.138736391771236,0.101120146255112,9.77654377688366,2.66851493267264,0.879067951721471,0.0549662923466111,0.215617515723636,0.0873235608006759,0.160794983895723
Spec-119,0.339759768882016,0.320703391400666,0.339536839717317,0.000589460546537448,-0.00904610531277505,0.0103805884938088,0.311022862340491,0.305954937960556,0.316652851919946,0.245843064328291,0.252404226973029,0.252857006086953,0.680505475589,0.411437149739262,0.148254723270569,0.103734415858889,8.90799933895896,2.31488507885988,0.869951399017801,0.0622864564686652,0.205481745309078,0.0866815817763475,0.101554593301667
Spec-12,0.346960811661073,0.323626557623993,0.329412630714934,-0.0101175556723791,-0.00636737270989431,-0.0115901625265499,0.309406372039509,0.304505512586475,0.310001278749649,0.24504830836264,0.254548570374433,0.257038999865134,0.693409441547903,0.414357185896291,0.138711448908147,0.100060393319455,12.1733471788627,3.42560039665008,0.864422062981953,0.0780127784769096,0.213156537280845,0.082567468977811,0.36362101741826
Spec-120,0.327208845500572,0.33179715073441,0.340994003765019,-0.00184731801110972,0.00244545264389268,-6.46605418703623e-05,0.301343776341727,0.308234742894938,0.312727451725851,0.249459336661703,0.254680424187111,0.254256094298777,0.687967389035249,0.412951228576707,0.140258255181673,0.104124344251013,11.7645411870154,3.24017683079254,0.876387036644489,0.0518144283878077,0.215444740258261,0.0901098662747465,0.337217933996917
Spec-121,0.34071402772915,0.32085954900855,0.3384264232623,-0.00569851140243467,-0.00584706709015076,0.010751879622167,0.308363821703669,0.309183279825095,0.308823160187244,0.246384055683025,0.260641971260523,0.248274051921266,0.68576487534683,0.415587643184606,0.141209563450157,0.109558646980867,11.8481371687829,3.34016933621746,0.872637504717281,0.0552910155209044,0.21707884668796,0.0942812039782193,0.338253963273412
Spec-122,0.314839481544196,0.338937867918485,0.346222650537319,0.0103586515684259,-0.00450920844780875,-0.000550474558586204,0.299236208471171,0.307466417696414,0.307818662835398,0.259777815342294,0.253403135399892,0.249307261764775,0.687941453619936,0.414677771674449,0.141829100861675,0.102011732321856,9.90574031433601,2.77843499043562,0.874738279821513,0.0552600917320786,0.213088175784709,0.085160060695038,0.160594601920144
Spec-123,0.346253847685894,0.344677338466331,0.309068813847775,0.000382047322440987,0.00789117055246376,0.00263323420347582,0.316286600426157,0.310886683390152,0.298698605153027,0.252406381781111,0.246470710174617,0.25634812893653,0.684950748114639,0.411177151709954,0.145248576545878,0.102078769393457,11.3799688965171,3.13532693743786,0.874083362992598,0.0520405803099296,0.211660839017463,0.0894699795641567,0.273639446681605
Spec-124,0.328666224270267,0.348269129911248,0.323064645818485,-0.00152153796870269,-0.00415927876889158,0.0111332546745417,0.309707692734182,0.314859023766557,0.306614047745583,0.252960860408291,0.246684654774566,0.25281069610664,0.690974178478265,0.419063914204799,0.141414090297493,0.109517985242253,12.8752088023493,4.02165065957768,0.849708407222395,0.0998576453788237,0.211085718056376,0.0901724787225927,0.413082837815148
Spec-125,0.327418742410371,0.352211888336315,0.320369369253314,0.0190391555940705,0.0003629875511718,0.00951766488048796,0.314638546895707,0.316889375308284,0.306408465831125,0.254840857171436,0.242438604285988,0.250180666876407,0.685767998146405,0.415218598132635,0.144585920843364,0.104832377168565,8.77800680896848,2.33718060089537,0.874607133154759,0.0582836333309013,0.210763979496366,0.0906434147959591,0.102310377797765
Spec-126,0.349284223182683,0.330384569556503,0.320331207260814,-0.00737268205804952,0.00329221724454085,-0.00723365030261021,0.31175493723944,0.311186081948879,0.306516935417962,0.2430504609032,0.254602197693908,0.255756188556435,0.692174339126399,0.415981613583904,0.139771763648697,0.106630827287654,13.268188062296,4.22718224395838,0.84981430112851,0.0994732362630146,0.210407902918078,0.089129412479791,0.437330316651221
Spec-127,0.339605624733004,0.321080095042839,0.339314280224157,-0.00159788186719886,0.0102972242875204,-0.00372844777017933,0.312463517195472,0.306319249651862,0.311002085220004,0.250180575175461,0.254905599384497,0.248518499135235,0.689000987321953,0.413384305274373,0.14306148659683,0.102931768500764,9.91219174711569,2.75387076582457,0.875753756126807,0.0577789564941763,0.212739816926964,0.0855445724585626,0.1614440329156
Spec-128,0.342854984913663,0.346806191435114,0.310338823651223,-0.00764495677136171,0.0155044145878848,-0.00707911357819074,0.317924932005387,0.313987001016481,0.302042054296555,0.25157282391318,0.243702939116179,0.254433973313472,0.688098087955718,0.417047194661095,0.143969383787914,0.108298260946555,13.2002581015887,4.33529456783492,0.849744627307449,0.0999071078625318,0.209541761165098,0.0893297296906259,0.460393815533999
Spec-129,0.326689240442949,0.343196692721097,0.330114066835954,0.02183618182745,0.00926040579369233,0.0145598369921591,0.306547263275569,0.310198597226399,0.305032212579032,0.255533337300265,0.249970395257045,0.251910931779166,0.695276162666916,0.419829443196478,0.142455955178298,0.104832894923402,8.82545050153683,2.33885209885267,0.87795791874353,0.0560183055435928,0.216144793373436,0.0873715571805652,0.102949120137074
Spec-13,0.314992257973222,0.340511520900867,0.344496221125911,0.00308288487187928,-0.00836825449395266,-0.0142871322772114,0.300851384958002,0.317632143657173,0.312470155511082,0.251842222804384,0.254835166124472,0.245555517675514,0.682302999667716,0.408301332731645,0.136208415301366,0.0977635781551368,9.10358741138493,2.48211876146582,0.874706195449825,0.0532824058776088,0.206491227284434,0.0818696151134278,0.105746019993518
Spec-130,0.324506784997876,0.352421886208867,0.323071328793257,0.00165490517190628,-0.00147700008245697,0.00873537548266609,0.303436048015214,0.311871879735907,0.301938776998141,0.256463908104888,0.248874676376104,0.255538677731267,0.692178499924517,0.413677574102707,0.141811495767006,0.101678934629039,11.8835078701794,3.37374250864693,0.87022813451586,0.0615094841686622,0.2135565282942,0.0874858128391223,0.331776676465032
Spec-131,0.334147395475611,0.334983348557653,0.330869255966737,-0.0198159038606492,-0.0037537630233671,-0.0204732134492722,0.309832652924868,0.307416489822312,0.30396038430931,0.255145956607115,0.252408738444474,0.250135516692972,0.700208175210568,0.413804440389463,0.142041925506502,0.10065857176597,12.9600927829174,3.94982181163879,0.856814338380005,0.0876648639602352,0.210494484803614,0.0832458993740008,0.382246799609925
Spec-132,0.334768416014803,0.340220122143931,0.325011461841266,0.0100809550544288,0.00321677204237234,-0.00960872058903486,0.30847098351623,0.307340085870856,0.302112188164636,0.255488225279364,0.250790519835461,0.25440739898897,0.688485358511006,0.410648900323931,0.142230752974969,0.102200053651316,11.669837033044,3.27501674565673,0.875863290220153,0.0542910397829799,0.21411613902631,0.0872379959890792,0.337653820857387
Spec-133,0.34212853220921,0.335702412753529,0.322169055037261,-0.00704272561747304,0.000210359882747168,0.00765946547590719,0.309290068421516,0.309347576297351,0.304081888103997,0.248889204319163,0.253185885443936,0.25582890751562,0.688955807348536,0.412702962634339,0.143487038444305,0.10677601328944,12.3202345625461,3.6603569311812,0.850974191178158,0.0977021309368855,0.208023294450011,0.0896699944761089,0.333082370767832
Spec-134,0.333635789832283,0.340336805736375,0.326027404431343,0.00706681725058574,0.00425547332439215,-0.00535063558282966,0.308077394261342,0.308838178519308,0.305251506314528,0.253354198840404,0.2500056098078,0.255084891428655,0.693468085067039,0.415764090604391,0.136211281876879,0.0990016648903768,10.6530081839639,2.94908129841583,0.876469219957726,0.0558865545479354,0.216989428029812,0.0840313640129392,0.220395654102852
Spec-135,0.323708097224465,0.323688437201223,0.352603465574312,-0.0037348732425341,8.28050560417001e-05,0.00610290733040471,0.306083287159372,0.303356147219619,0.315787375018881,0.255319448805994,0.252085078651965,0.248672984885252,0.693051854330793,0.411593432744269,0.138430014787722,0.101948091454211,11.2853081147423,3.10975988202593,0.873416557167462,0.0535322208711825,0.213935506848661,0.087926852655074,0.277187601563642
Spec-136,0.327936368067767,0.331046444070986,0.341017187861247,0.00451456569731675,-0.00259149675607256,0.00335333966864328,0.307863779748991,0.304086542062963,0.316051911573134,0.253389099043211,0.246670819203517,0.254929058953464,0.689738304874899,0.417119816404176,0.13916675818193,0.100993713802043,8.79786623820315,2.454299248556,0.876638836414535,0.0598914527788287,0.211930227873937,0.086058893693241,0.103795236949743
Spec-137,0.35993884801658,0.313142429559053,0.326918722424368,0.00137072004672838,0.00378005455221887,0.0020112401862588,0.317213776312367,0.307111215537661,0.305015785311516,0.243084071131071,0.260923816067174,0.248688887501367,0.688697365766606,0.414750640668375,0.14455382153754,0.105173007071723,12.9172989433611,3.9153268301453,0.849807056410284,0.0991390165173912,0.208325788305427,0.0875354476792884,0.426265909291401
Spec-138,0.332630378794896,0.34033039310559,0.327039228099513,0.00116227167848985,0.0130469007878297,0.000415078608910648,0.307696664171042,0.314331651083134,0.306066709555045,0.249993261550822,0.252852373964195,0.25179739462371,0.696062827836625,0.417426751165297,0.140817274302704,0.103625477076862,13.0977067158467,4.35088567065475,0.851972649766426,0.0971703293142511,0.209959385523867,0.0856701625656069,0.427422856376762
Spec-139,0.335843818339033,0.329201440688615,0.334954740972352,-0.00059419572218103,0.00707382605874451,0.00560884875556563,0.303813467079473,0.309577948129091,0.306376500217617,0.24830840376086,0.259557224356617,0.251957924904211,0.691658296668953,0.415495756743413,0.146637957419743,0.103875529728992,13.2230742868745,4.42575308343478,0.845369330681347,0.107425059640566,0.20702838492039,0.0860326272292153,0.462752472983805
Spec-14,0.335960521029656,0.333907462570989,0.330132016399356,0.00529213298290235,0.00920986938733079,0.000688367112603761,0.307163016705813,0.311435069142025,0.307072198655215,0.248654653766854,0.255133889921263,0.252485064645392,0.69285227770059,0.414166707014209,0.138636994820919,0.103456876088389,12.4333934772429,3.71462797544034,0.858284997616653,0.0917086086073791,0.211356149017282,0.0879604385635403,0.377875002361668
Spec-140,0.333951016491579,0.325952254157954,0.340096729350467,-0.0138821964390592,-0.00844156709432801,0.00607660383703893,0.306174137577719,0.313707151892858,0.317005878889551,0.241202024470739,0.256305072320095,0.251156332827673,0.6906181750615,0.40949147898758,0.138024490944415,0.102558565096382,11.23159530169,3.02300460033217,0.876577858195321,0.0499728709892807,0.213595913087287,0.0872200397908737,0.27349217167397
Spec-141,0.330972029016105,0.332628898710862,0.336399072273033,0.0119790638389056,-0.00421729998360758,-0.00668787490659407,0.312896258103855,0.309999939785596,0.314616387384453,0.251530920906976,0.247045817846189,0.250278212500188,0.689675798878271,0.414491309378407,0.139872877189515,0.104214430662164,10.5556218064832,2.83651125595066,0.878095617301696,0.0520992060979211,0.2155689792878,0.0884061541465583,0.215566598165763
Spec-142,0.339819042638198,0.33260425167115,0.327576705690652,-0.0102256667054865,-0.00865888101817626,0.00033141381830131,0.306725205779892,0.301529877064326,0.306758321903242,0.251922210979318,0.250398875731815,0.260124457907394,0.686247611043796,0.408265776359559,0.142063438183879,0.101926383200866,11.544408483089,3.24676554257348,0.875865560280852,0.0515319680592326,0.212492877208958,0.0887524339179616,0.331626154252965
Spec-143,0.34991982255522,0.33231734365597,0.31776283378881,-0.0157371210073898,-0.00269713751428345,0.0123787703554353,0.309252965754562,0.307106444091793,0.300406251482622,0.246945032333716,0.255925188886994,0.257640282735415,0.697526777882415,0.421037763015234,0.141275983460522,0.109051379559985,12.2843802503473,3.71291232117948,0.848054975114741,0.104237072358645,0.213834595592961,0.0930838152123919,0.339960062387685
Spec-144,0.332404257792316,0.332204742732575,0.335390999475109,0.0033846964384351,-0.0160738354042088,0.0008588562644361,0.307337260476948,0.305758043149015,0.305798876005513,0.255454388339653,0.253196642462567,0.251656783768008,0.686980495483392,0.41336820639879,0.147776967395197,0.104057787489686,8.7745209922956,2.3406646299434,0.874427973851757,0.0585664381069082,0.21082084077247,0.0896346624951621,0.100874415913132
Spec-145,0.321958613458507,0.34336494141695,0.334676445124544,0.00179762638504686,0.00589728167011006,-7.84010634156631e-05,0.307128643726628,0.31509523116452,0.302142747905897,0.258647719411287,0.254269653875104,0.243912064019676,0.689102338751709,0.41545243020599,0.143536835021318,0.103561356976724,9.87294653006418,2.68611063657519,0.875559973984772,0.05657682364782,0.212099759206279,0.0875347999432285,0.165644135393655
Spec-146,0.337327784693922,0.34523837237218,0.317433842933898,-0.00201437752832976,0.000271840770148104,0.00118133443663014,0.31439987157664,0.313684712223172,0.302157625857514,0.253478853502655,0.247574592841915,0.25215065869005,0.6939600310985,0.410540284720448,0.133870037542787,0.0993923767208831,11.8464977095621,3.32690717948812,0.873015463376819,0.0597503627694076,0.21363176281473,0.0840162860628149,0.336549055726039
Spec-147,0.318276462099759,0.342562279446626,0.339161258453616,-0.0110200005526114,-0.0139704718623588,0.00673241358104822,0.297745055846428,0.313120098567617,0.314177691384773,0.249292789859064,0.25143351445855,0.255178325371446,0.689323110660828,0.414713582513548,0.139548547979136,0.100076617712122,8.87571043360673,2.50793939253346,0.875748366653914,0.0597263248579607,0.209276658768416,0.0856851527354288,0.102903606018428
Spec-148,0.329702526568511,0.346032734004072,0.324264739427416,-0.00386247787889705,-0.00900190681193585,0.00986610069391729,0.30256627062085,0.308904338403405,0.30079471669186,0.255178824544427,0.252240958273659,0.256609048755688,0.689638831530413,0.419576438999809,0.142115652897861,0.106404185256598,12.9974275505659,4.18977305172683,0.84658041864774,0.103969178494292,0.20849055387953,0.087431347922372,0.395671371628709
Spec-149,0.342347291004073,0.340558845917236,0.317093863078691,-0.0100506100493527,0.00272023323321516,-0.00768339023197507,0.306952787031917,0.305897704727855,0.298881254506803,0.252302837950563,0.252332142159703,0.259649394527729,0.685465138565819,0.418121029315261,0.141771315529319,0.100569405348377,13.0542040922238,4.20618105568127,0.853823473742529,0.0954782328344256,0.209898487276386,0.0837029238351069,0.354473693058534
Spec-15,0.333918286640247,0.328400254645647,0.337681458714106,0.00664456147524271,0.0076705758959818,0.0160615585128707,0.30678339118993,0.303222839141188,0.303888559734275,0.256633638140697,0.256006165223916,0.250284027231472,0.693722050140486,0.409665370910843,0.136563795442384,0.0974637198366149,12.0094072277051,3.37866602673097,0.868070700676903,0.0721956582918382,0.210769830041449,0.0819793069786026,0.327194243962404
Spec-150,0.357583303373196,0.322217282346096,0.320199414280708,-0.000761176295023643,-0.00378601463999998,0.0209192251141776,0.319741108472329,0.306922227276327,0.301986906986478,0.248407901504779,0.254943853617901,0.249579275050801,0.684782205192452,0.412506195316254,0.145643219812452,0.101891829991675,8.77166863495859,2.3117980650286,0.874008815344174,0.0588757830122002,0.20824869049382,0.0878960017633943,0.099866963075902
Spec-151,0.329388780564149,0.336489472412012,0.334121747023838,0.00767504709040535,0.00971519318673533,-0.000857727473859402,0.309680943561327,0.308314345540061,0.305165231091364,0.257525645409289,0.251127442463494,0.24901271118033,0.68749798336118,0.414640642338223,0.141179750638243,0.107910751501948,12.8049681233519,4.04679142741313,0.846373063354906,0.106334995368319,0.206416518599215,0.0874706088586677,0.422481738443927
Spec-152,0.357241483266412,0.339089598933826,0.303668917799762,0.00299989654897752,0.00523614539410735,-0.00625785887103421,0.316402319368828,0.30458172846307,0.298884055999954,0.249113163283878,0.245388615032843,0.263496475888139,0.689928965466714,0.409778764080917,0.141843419856123,0.103994609649238,11.3099366879586,3.07712697637748,0.876742714688446,0.0551683658339628,0.213998698437574,0.0875835283979526,0.276248007164631
Spec-153,0.337719546997196,0.350067511111286,0.312212941891518,-0.00711535824627488,0.00501834589618987,0.00282935807777673,0.310717082408459,0.318186797638502,0.300561091209422,0.24869246433183,0.250423056537294,0.254207284642701,0.679820499824308,0.411160778155295,0.141554526953529,0.0971668108657093,8.80751416857334,2.37826149914275,0.874706893851,0.0581590906367364,0.204335808629735,0.0820711604647163,0.101246620551015
Spec-154,0.350310523731032,0.328588196096203,0.321101280172765,-0.0183971018398418,0.00722923521543854,0.00577389956461228,0.317721966993667,0.304599011699371,0.301950935236801,0.252508015411272,0.250721464024048,0.252782623248414,0.688223053910699,0.410363085595002,0.141067854134093,0.101939220959247,11.3678734352662,3.10332810035455,0.876061086205544,0.0528317702061307,0.213205080138798,0.0868203755295448,0.277680561884464
Spec-155,0.330517351722259,0.345944919420039,0.323537728857701,-0.0117922586274321,-0.00613930747843918,0.00261751128813065,0.310233216869792,0.314602488999742,0.305430150455263,0.252748601972003,0.248429811571654,0.251940296390952,0.684565613663553,0.409279204349875,0.145666952004479,0.100877993564502,10.7628415065815,2.93832417760772,0.875227208833894,0.0571043324429893,0.210821191495442,0.0873118004380104,0.220032887992104
Spec-156,0.343690781665357,0.325548220002545,0.330760998332099,-0.00950929071712014,0.00100939016693107,0.00379609503627464,0.317660876655273,0.310225880928382,0.310787650611644,0.248427837807436,0.251283352461973,0.248366121113538,0.694545881351816,0.415557262552956,0.136542447447019,0.103896042048469,11.7058008904112,3.26853255188446,0.874502307959277,0.0557159617456547,0.217263414873143,0.0883766793325686,0.339927173923691
Spec-157,0.342984308419265,0.332457056545756,0.324558635034978,0.00386095679317072,-0.00518135811332527,0.00589783495444509,0.311536132896687,0.308874698476305,0.305390299735464,0.249349517764505,0.252847278966241,0.253958382509854,0.689989172120913,0.412836890108092,0.143191458841602,0.10181583074623,13.1340421242123,4.52598387658207,0.847645344018158,0.106042087299165,0.207181392541691,0.0851389553168852,0.425249242901767
Spec-158,0.342497091034289,0.325311622879781,0.33219128608593,-0.0113910270335491,0.00227697008652406,0.000828260736347038,0.312789443104563,0.300976744830824,0.303885478881553,0.255902809789562,0.253129936131544,0.251952848838195,0.695956569529525,0.413468936467618,0.136288170000404,0.102323720350696,11.4831510460624,3.23338213500977,0.869341941342556,0.0641001816259702,0.21483642856505,0.0879221726931076,0.275516268056851
Spec-159,0.356365230555304,0.328405435928633,0.315229333516063,0.000348511537244187,0.00383960700541629,-0.00122919034046012,0.314165056277984,0.304000514513562,0.302558884305843,0.247001169998618,0.252061873292459,0.259566490525797,0.677982133969265,0.422193190549904,0.138015552734123,0.106081422718788,8.77996394628504,2.43477072143866,0.876774089825193,0.0601919968485837,0.21291536101861,0.0915132417581047,0.100896483408842
Spec-16,0.339683032964587,0.352395147339218,0.307921819696195,0.0161189392804717,0.0118494070016717,-0.00146096411702943,0.303574497600783,0.310041824772359,0.300912417916742,0.247140359626982,0.247485071400842,0.266324025298334,0.691930836121626,0.413968355756489,0.138616102277004,0.0996826049378272,12.384256141685,3.59210745968943,0.858663543266692,0.0930119455289443,0.209193883303364,0.0828957199755403,0.388681591138877
Spec-160,0.324279688901975,0.343840870937376,0.331879440160649,0.00411363683154578,0.00385958172048906,0.00230682495569105,0.303505765444769,0.31170298586865,0.306321486088762,0.254522721154382,0.251650343456433,0.252773833485126,0.686355524984867,0.41730592899731,0.142560558993894,0.0998155056113649,8.74911582385042,2.38520081324913,0.875190679958909,0.0564794936249694,0.211833796988803,0.0874781540758699,0.103754937460618
Spec-161,0.352929356158768,0.323128442297328,0.323942201543904,0.00133681232301805,0.0195178544626204,0.015506544159548,0.319938338004291,0.306684261082327,0.300015078411911,0.252786954865669,0.254710894459284,0.246342511890499,0.690871362133983,0.418168055317796,0.139582077502654,0.108817340926693,12.1939950607684,3.40704141172088,0.853106688677278,0.0942163940841684,0.212571865014124,0.0898014322113478,0.376015379265034
Spec-162,0.346375721272568,0.301344992118408,0.352279286609024,-0.00188075420148151,-0.00308467233034304,-0.00581429631935383,0.316724702009232,0.302532327638442,0.319700884886233,0.244002489962589,0.258108141482682,0.244173029428928,0.69021661687988,0.412216095269071,0.139687597855125,0.103003391685389,11.2306044008121,3.11621676278407,0.873707437681603,0.0562225929941735,0.215240268690944,0.0892958448449202,0.276813944135538
Spec-163,0.310736421417251,0.34978574914525,0.339477829437499,-0.00532684316763684,-8.23464268285173e-05,0.0033912480968416,0.297220124524849,0.305787196792287,0.309033908523662,0.261708548091045,0.245799083842431,0.256140244638162,0.692670070862232,0.416566414324459,0.138733130998811,0.105004431096019,10.3982059014318,2.79773389385925,0.877064435281171,0.0548188406100689,0.217738749596277,0.0897882340520147,0.216830230259572
Spec-164,0.342703397615634,0.325707376799128,0.331589225585238,-0.0186450222095152,0.0032307575075951,-0.00582118305304028,0.305711663305303,0.310955959651986,0.303301867674112,0.245234022744971,0.263347907084214,0.250218854516132,0.68744187580267,0.417337986768222,0.140583936078378,0.108682860521734,13.3760127526873,4.4296099658974,0.844448761096963,0.102257280657874,0.207093265864508,0.0884161737628178,0.424649215179678
Spec-165,0.333136280157846,0.323710389442121,0.343153330400033,-0.0076311229517902,-0.00120649805711797,-0.0068405767057576,0.307930932667288,0.302284123959907,0.310091096606013,0.254487246801352,0.254189128756227,0.250728615388932,0.692724049062086,0.419127173852503,0.143391559526952,0.108449718196276,12.5212865082837,3.91581428240013,0.849332804133698,0.102040708802259,0.211180802376095,0.0926052487491296,0.365639470368813
Spec-166,0.343491349469785,0.340526907606969,0.315981742923246,0.000224778988411219,0.00480589417681223,-0.0104282847412773,0.312348185038946,0.3120749246439,0.306071007240124,0.246850538858634,0.248352533104029,0.257526725237895,0.694970622768368,0.412001578848968,0.141187762681131,0.0984722387971528,11.0588720393109,3.00806242427283,0.87523557390035,0.0519655275614995,0.21393451322796,0.0831060409589178,0.273957508877446
Spec-167,0.314932055184133,0.35237439682676,0.332693547989107,-0.00202658016020893,-0.000842719156896013,0.0111318479223211,0.306352561552655,0.317306861184591,0.304123986108308,0.260171815838886,0.249107803779257,0.244834058578369,0.699147790351262,0.415691965832342,0.143019280054749,0.104385234283861,13.194775154717,4.17228790561923,0.84792833292893,0.101137765801504,0.210220743258252,0.084009357226189,0.366035114793945
Spec-168,0.337321046243184,0.326670937377648,0.336008016379168,-0.000641528396880573,-0.00531724015193842,-0.00251274957731382,0.303368658542142,0.304114701100622,0.312519117516405,0.246582082927682,0.254577729591479,0.258576469081509,0.691639274922045,0.412551370118151,0.141749033034738,0.0998637079113606,10.720149843036,3.05502262182872,0.874723617009973,0.0556887504201481,0.213702374157487,0.0864956021753183,0.224661963273661
Spec-169,0.353518001306791,0.323366680141826,0.323115318551382,-0.0027732833478342,0.00549876589424671,0.00835794402434501,0.314683876028121,0.298869952379507,0.302726202723969,0.252179410487287,0.252229507186976,0.256883072684197,0.698349732370593,0.421004559299209,0.137758368877861,0.107203076770935,12.9245553876895,4.12005302987034,0.846133804969726,0.105052891679466,0.212572676405924,0.0920377917748389,0.415207265488109
Spec-17,0.34046545730407,0.334254975816126,0.325279566879804,-0.0188973012688513,-0.000557687633777232,-0.00653066944716167,0.314217930751631,0.314993646140175,0.307236575760274,0.247077627108017,0.252814161793687,0.24920897589811,0.689895685825534,0.407660105986751,0.142281340809988,0.0970880530791359,10.1538163923845,2.65496642370479,0.875443264074671,0.0514840519102326,0.21018962650356,0.084291007223204,0.161924847427896
Spec-170,0.328310385113566,0.340732423858271,0.330957191028163,-0.0020181841821727,-0.00546969493260137,-0.00489432763049816,0.304127078580157,0.308421638110214,0.301055137015784,0.25733794201848,0.254387658012093,0.251875466204957,0.68991979313725,0.41082864510169,0.13872111640283,0.102723528056581,11.806099427117,3.2168681845439,0.874780109241933,0.0560216604300606,0.213284912606163,0.0876660145295644,0.339433564366697
Spec-171,0.323801855962684,0.356842262366166,0.319355881671151,0.00283866139547556,0.00275060310311201,0.00870387424276608,0.303848704362984,0.314611462121338,0.300457745218402,0.256128073627554,0.248386936349407,0.255093637891071,0.683647699633057,0.410000143805865,0.146997684653364,0.108695752086135,12.9566657153545,3.94032683231893,0.850465492673323,0.0994297452669536,0.20441893495814,0.0867119891284883,0.338116779967753
Spec-172,0.34615926484718,0.330690679032948,0.323150056119872,-0.00571892920569282,0.000364879324386741,0.0106034985272671,0.31352709622891,0.30422648753893,0.30512099370973,0.251517236381571,0.250103478484922,0.256119671319425,0.694265345088146,0.41748120963374,0.143585422016319,0.103124317287012,12.4984426984166,3.74701645200575,0.853953271129408,0.0934185216714919,0.212722076872802,0.0891720826539674,0.310757627439542
Spec-173,0.340847961259611,0.318883726881438,0.340268311858952,0.000201960009817692,0.0127868746803688,0.00685329546043049,0.312976456752581,0.299923095598103,0.308732970924353,0.254819672585476,0.253473185940738,0.249865708321757,0.694510926734195,0.414412600008346,0.141194270754,0.104575497095904,12.3800953655941,3.76033819461889,0.852009620100532,0.100907492568976,0.208844479807957,0.0833795077731281,0.388825334184902
Spec-174,0.332203999277115,0.355020102716808,0.312775898006077,0.00641708260546127,-0.0118024939218183,0.00506822025204212,0.314157741602693,0.329427021255674,0.305321760423551,0.244097678323695,0.249337739958396,0.247041517752854,0.692948998246212,0.417693170131719,0.142591274623922,0.1011606492815,9.65729348658147,2.59907669494541,0.876212567132631,0.0536051596726169,0.215779235213777,0.0871923737192481,0.158338192642444
Spec-175,0.334184504012439,0.348570040281342,0.317245455706219,-0.0037812165901921,-0.0104739219396549,-0.0093690529320741,0.305400260184338,0.302362044678504,0.304658367415916,0.255303611963567,0.242219279597796,0.265637758544736,0.683699043079255,0.408367282312952,0.144400143902769,0.104621685910338,11.4678309016813,3.20914742878517,0.87197993526413,0.0602111393470185,0.209854440819906,0.0891231292226663,0.281674518299202
Spec-176,0.325176470986355,0.345479730049893,0.329343798963752,-0.00253942922014716,-0.000418908861288689,-0.00220506443210512,0.29941461014103,0.30489666811793,0.297111051353513,0.260920785538245,0.254374266727024,0.25547238476353,0.688401741546902,0.409613478701442,0.139286506874775,0.101056188427267,11.311718673699,3.21965719786074,0.875096365971317,0.0568919728802256,0.211716385586411,0.085405666076948,0.276937937086853
Spec-177,0.323215562035118,0.357908014093999,0.318876423870883,-0.0038739322766141,0.00539009398380146,0.00695631550586695,0.308880160431978,0.320771174483719,0.307523543162984,0.251363143476906,0.244099088795974,0.252721493580089,0.702001252772977,0.42210216336463,0.139364153711124,0.107092942893874,11.857910695441,3.35948724401121,0.867353139666117,0.0746094588701788,0.219980008254275,0.0893854180050808,0.320149213884051
Spec-178,0.3362584962988,0.334656561184633,0.329084942516568,-0.014799449593292,0.00658078293478444,0.00315170599182608,0.313398065131269,0.308830793943469,0.310090803248783,0.251715116025148,0.247431164572645,0.252805755309774,0.688379609334823,0.414694993274461,0.141047665197224,0.105438626340639,12.6005167192809,3.93148828989955,0.84955624614807,0.100185258362295,0.208639957377042,0.0897818830793289,0.31966479581233
Spec-179,0.321987616725173,0.332628530926189,0.345383852348638,0.00431441864857658,0.0102970572816116,0.00347829634821316,0.305523542399407,0.309121055562243,0.312083490421012,0.255303173690604,0.252238855360866,0.247886042474184,0.68509378949551,0.415714237726959,0.146996678080003,0.109654073115746,13.1696816933674,4.04331110404745,0.848944307367004,0.0948463728022501,0.206618425428597,0.0885639173959591,0.36111279951407
Spec-18,0.325323366799945,0.336504114480724,0.338172518719331,0.00072080096282609,0.00219614533865065,0.00756142845202082,0.302165361234141,0.312063964420903,0.310860164775389,0.250097246886994,0.254636348329931,0.251980350673992,0.68420305721899,0.404844996772373,0.138738373288439,0.0962893804898367,11.5970862430554,3.07094481516348,0.875575552773819,0.0496444917658143,0.210025385799112,0.0825243787624234,0.277972290926265
Spec-180,0.337027173368957,0.334513451377512,0.328459375253531,0.00905284213829511,0.000368381418863343,0.00276085323069296,0.315955708056045,0.314661674103717,0.306198734963833,0.251835149820959,0.25201825263586,0.24554763713243,0.692786577498648,0.415884599321526,0.140309294827714,0.101680020017178,11.4307519402603,3.17540310138741,0.874425069355936,0.0588101281189614,0.217091648231831,0.0892359543798734,0.278638413906979
Spec-181,0.332645009465058,0.330792483558528,0.336562506976414,0.010419359272061,0.00185866319600912,-0.00166408204592235,0.311602358258241,0.31278622947293,0.313830990663372,0.248406164205436,0.2513444820194,0.248813921077608,0.692564407721934,0.416122741130798,0.145593355841528,0.106759835015024,12.6345126846674,3.95524520482027,0.852532919436589,0.0976990255242086,0.211484902612042,0.0889141497823845,0.375969190528076
Spec-182,0.335146564651088,0.35881413345321,0.306039301895702,0.00402251578406511,-0.00108687961527466,-0.00525707416449319,0.312467429070916,0.317076241703642,0.305314708156385,0.248679432460161,0.239807725387081,0.260509729228789,0.681344346555355,0.40659314065697,0.146424971710772,0.0965505072143878,9.84579565645721,2.6315797132276,0.878269825635209,0.0542576100024713,0.20603836166235,0.0801085647334774,0.157885505735475
Spec-183,0.328784211245227,0.330336932854502,0.340878855900271,-0.0211581189635137,-0.00737440256221533,0.00872555695002626,0.309106398681928,0.308511296085995,0.314946145289684,0.25067990239896,0.249673279769749,0.250714731579308,0.682665768678554,0.414604504462673,0.143467798405092,0.104672993343477,11.9167690049981,3.35885007911953,0.871722503177365,0.0617184376610821,0.212908199532989,0.089025275981571,0.334852020654339
Spec-184,0.322770994495073,0.342511316908446,0.334717688596481,0.00343304785055965,-0.00574873572646098,0.0101661259720267,0.305771564758227,0.314836441419878,0.312882233781259,0.250955641543568,0.248936974030145,0.251377106847889,0.689374992544411,0.410773605797631,0.138367096457185,0.100617934827152,10.6616786723337,2.84895248968951,0.876935742494772,0.0535166955957193,0.212301064036532,0.0851236777569011,0.218680912632682
Spec-185,0.324246824478917,0.351506459863469,0.324246715657615,-0.000814351604638186,-0.00804967441055657,-0.011608237014039,0.307204407628491,0.317510072430207,0.304730548201377,0.253823068195194,0.248904290524174,0.250555662240497,0.691711353713237,0.415749188278687,0.144892828702059,0.111011649903442,13.1002971483741,4.13525269994388,0.848774716744145,0.0988544759827828,0.208380262314554,0.0878455741086226,0.423441649080666
Spec-186,0.332369905162426,0.320139060356057,0.347491034481517,-0.0137942838447206,-0.000315814121610499,-0.00800234987458586,0.308272558107868,0.309077710929809,0.313317672059501,0.248678870407381,0.258424596699236,0.245474078163226,0.688367143731678,0.417647716054039,0.136852341096572,0.103045897319514,8.74340942873672,2.38781590974432,0.876205203348681,0.0584236138775659,0.212428521735167,0.0864770120229972,0.106842020228186
Spec-187,0.347765736189304,0.329513711830075,0.322720551980621,0.00459791912863175,-0.00451731815688896,0.0261672547306106,0.308953359645199,0.303465632413091,0.301223629502607,0.250498471246978,0.255511700065609,0.256184494438622,0.684424441738002,0.414719453423276,0.142358817605554,0.102347123059727,8.88747571634371,2.44145119754518,0.874403097851198,0.0586993692271048,0.209268526057441,0.0867158572537764,0.103700174188156
Spec-188,0.331883960141454,0.318140735449015,0.349975304409531,-0.0133460329847179,-0.000843420651222279,0.00749374599349826,0.31078948926148,0.308174896649594,0.318547897990529,0.247666925700405,0.25438626999057,0.246135568457291,0.694661736258269,0.411981500142579,0.13664997448991,0.100741092373353,10.6188960915212,2.9110789836596,0.877366102193276,0.0521281244388075,0.214150743940231,0.0856954455394306,0.220278073177146
Spec-189,0.338383669886586,0.325606741155971,0.336009588957442,-0.00443897970035418,-0.00975883598577226,-0.00898628596308765,0.310169060142828,0.309081589661424,0.312984178066289,0.246648582859928,0.253738563545571,0.251599550972031,0.69286286577632,0.413132447677769,0.140262768292628,0.10442731938751,11.188182525031,3.00480632287594,0.876577912441517,0.0528505875614524,0.216789658889601,0.0885612771863226,0.281034628133258
Spec-19,0.319271041973308,0.360019947144559,0.320709010882133,0.00879441972250775,0.0118282844781283,0.0308132964966367,0.301750539440829,0.310208540550849,0.306920404002857,0.256534473229985,0.240503309569765,0.259933641737213,0.686657444852626,0.412305144143228,0.141689676585099,0.103650213700973,13.5660644406832,4.22873322214069,0.854805428093627,0.0952425030619156,0.208048322701868,0.0880218865949393,0.426778029507841
Spec-190,0.324853466493905,0.335751816545517,0.339394716960579,0.00081826418127868,-0.0110410177692819,-0.00406197523151169,0.308200118212253,0.303989338815223,0.310304943533402,0.259197791138684,0.246541459951642,0.252157688006479,0.688380725544813,0.410662816450328,0.139462020873667,0.101826815704246,11.7073271851759,3.34856491536559,0.872838238665218,0.061498034203206,0.211105845540836,0.0851269371424948,0.351276383759944
Spec-191,0.353796414234156,0.336691696067988,0.309511889697857,-0.000885501950356263,-0.00193146593182472,0.00723470668518642,0.31963791561458,0.307777452233865,0.303839271203862,0.248753266797846,0.244404106219536,0.258654345844353,0.695262310053629,0.418496464842679,0.136449060616017,0.10542941510953,13.1507325628469,4.39541942262146,0.849356095216413,0.100813348010423,0.209496069580548,0.0831087466407816,0.378434628571668
Spec-192,0.343885617454899,0.338576314330463,0.317538068214638,0.0079135151226341,-0.000567532747015498,0.0124124724876057,0.309608189743938,0.303592535444486,0.292924336623528,0.257847467002539,0.254059571488605,0.25547948838064,0.694929739309535,0.417266546434897,0.139985197447709,0.107608974267212,13.2038604538584,4.25923735804454,0.848765183557659,0.0994750792065692,0.210515815737638,0.0871810290732218,0.434088010492809
Spec-193,0.348784954800297,0.33712167306004,0.314093372139663,-0.000799966935351638,-0.00273176195772371,-0.00692349131632197,0.309482795839644,0.308097519757414,0.295482847888145,0.250533053394463,0.256069376780982,0.25682112542358,0.692975070596932,0.415019907467029,0.138845756296263,0.102331909136878,12.9226222124011,3.96192800869736,0.848088940081599,0.101017679541683,0.206271928840247,0.0825496297672016,0.337532178050343
Spec-194,0.348748652641204,0.337817678270196,0.3134336690886,-0.00635677741743663,0.00332727543138836,-0.000505516373535495,0.315187053287562,0.310582652534969,0.30601911614605,0.246062290978688,0.247232005365482,0.258517833859704,0.694717458662737,0.411861573286149,0.140502564757488,0.0996628679127429,11.809323170012,3.3161458450936,0.870389862927919,0.0700265993535434,0.212303446758414,0.0819453306000531,0.33427774057629
Spec-195,0.335550529369462,0.339137508654838,0.3253119619757,-0.00135756071466661,0.0117181723930891,-0.0140497107859475,0.309818039232603,0.312564570846898,0.307157710093835,0.249827210253669,0.250637746942714,0.253085954908171,0.684988022640351,0.413895060444769,0.14363500864622,0.102686196481968,13.459183658125,4.46435164490572,0.847222121706685,0.103072772035675,0.20631846866504,0.0866324293363039,0.385221259853978
Spec-196,0.326066620368215,0.342146860556871,0.331786519074913,-0.0192565849690024,-0.000989726052100423,0.0127009559148969,0.309616338490211,0.319419161165711,0.312889424861897,0.247462663205186,0.249866708696027,0.248044064795678,0.686318452881793,0.413517690182916,0.142746857908709,0.104724218166244,8.83776397539803,2.28476070987407,0.872977698159672,0.0600071587675754,0.209878609601545,0.0895229538797236,0.102272801467898
Spec-197,0.356347717846161,0.323515244632537,0.320137037521302,-0.0172156232277203,0.00326197855789105,-0.0013084578535332,0.314626778098673,0.306735048741824,0.304500715102623,0.243845520487363,0.255663290014431,0.255366186800144,0.687927376142903,0.411579817455577,0.14314766699707,0.102656440761297,10.7410753163077,2.93848113820528,0.873859503101887,0.0556872570152398,0.212788888284318,0.087992796658524,0.217925829764608
Spec-198,0.331921364952994,0.329894421944344,0.338184213102662,-0.00638521576601618,0.0263590106706053,-0.0128309554013582,0.31117361058772,0.307989565110005,0.312526662584203,0.252518355483139,0.248647452711793,0.24983529025547,0.685123856188899,0.419130109216955,0.139562263290467,0.104614814209543,11.9048720060544,3.30212852898792,0.871355027856602,0.0627591390153278,0.216045520177709,0.0917228238447491,0.340876373233985
Spec-199,0.340499863014268,0.321284815978913,0.33821532100682,-0.00881190897706006,-0.000788276768420536,0.00332645511114861,0.304648103264311,0.302154962404926,0.310229629028498,0.247643197565272,0.257675352822114,0.256047778497563,0.689451734374015,0.412051678157932,0.137877868946715,0.101578375713423,12.7585369611755,3.92014694951604,0.855135488634885,0.0932560301037486,0.20664946716752,0.0815358970626159,0.347122377651782
Spec-2,0.34213861633753,0.343133177386022,0.314728206276448,-0.0114535387977941,0.00746378963445278,0.00935204017469539,0.312969927490018,0.310111034688652,0.297686419827646,0.254059303890976,0.250054081197071,0.25430532912739,0.686973678958298,0.412903769106007,0.136111806870986,0.102866774427233,13.6377237608029,4.27403063598414,0.851415419830097,0.0996789608469534,0.207066775679497,0.0835310134738004,0.462046626081732
Spec-20,0.345039527748827,0.325031585868742,0.329928886382431,-0.0224482423040493,0.00510807553394881,-0.000663235016576374,0.31573850427055,0.303813791612196,0.304681361216515,0.253225346511454,0.252629152031658,0.250366848863582,0.685842783251356,0.408961107989917,0.140685804533783,0.0973789394534318,10.0948303200714,2.64957077364574,0.875064549823201,0.0522027243140245,0.210210478070238,0.0826016222179677,0.164060714542342
Spec-200,0.35095251518715,0.332191769072191,0.316855715740658,0.00679595798599947,-0.00457400013772211,-0.0128905480449633,0.31282287378123,0.306967237275586,0.301591678636917,0.248313159512809,0.252994620623728,0.256860924907227,0.678515995734447,0.410499341416037,0.143541425133117,0.100369799487981,8.74016987629509,2.26628703637403,0.875901404825427,0.0584759760820086,0.20647397285968,0.0861957094270947,0.099225095775643
Spec-201,0.336185040800075,0.342294888365269,0.321520070834656,0.00261314329229962,-0.00166136034164088,0.0238264473140344,0.319763171020778,0.321520555692895,0.307841073916334,0.249503595609017,0.247822458128199,0.243381730414248,0.696726623674646,0.465727042846441,0.140295174390762,0.118722555549178,12.0734025070607,2.577920059506,0.918126428700547,0.0871342036046462,0.281123455560489,0.130626455332886,0.264466699935366
Spec-202,0.330916939885803,0.320173631557491,0.348909428556707,0.0190933918875584,0.0149318299329492,-0.00512895755139645,0.315457717359055,0.307480938799447,0.31690864469003,0.252584351048316,0.250452067074682,0.243485110657796,0.689346980954581,0.461922915405321,0.136124800721723,0.119787411147573,12.029586485663,2.48855803583276,0.922917815380995,0.0771544712548626,0.27618001852251,0.126588611367553,0.213792576820739
Spec-203,0.339475930479923,0.315504824780249,0.345019244739828,0.00678987567413601,-0.00228021449603311,-0.00174227126775242,0.308435128483557,0.309192995336655,0.315163268769148,0.243034831450723,0.260494199075758,0.24809934449666,0.695556422483239,0.47229876668862,0.142384412200959,0.120935263248335,12.1491555921114,2.55120131376154,0.921734602101861,0.0860471707787907,0.286370490167201,0.130545651265429,0.264296730994226
Spec-204,0.32755158108548,0.329430142679301,0.343018276235219,0.0235236392983442,-0.00264931476074365,0.00618263706233099,0.307548659449974,0.31167842774525,0.319455594360234,0.245542205583455,0.250499643821027,0.251337566396321,0.691809535950988,0.464983767735736,0.142081319082215,0.119593720514017,11.8983825364347,2.41982496823991,0.924379654051786,0.0786248942703867,0.280568569035854,0.12628525092055,0.265202143294632
Spec-205,0.315002135653593,0.344155217537485,0.340842646808923,-0.0122272266828942,0.00977662743642427,-0.00737117099165654,0.306250230854298,0.315600703730611,0.31306970288767,0.255916449474352,0.247797795266431,0.246778534346738,0.683653817261967,0.464935314178842,0.143422845791597,0.11554619377674,11.8968574276753,1.98175489026421,0.930125577255538,0.0638920048813345,0.280883531937014,0.127187952920176,0.158361670107412
Spec-206,0.344908621407717,0.338324418022811,0.316766960569471,0.0151009491505855,-0.0119878998670864,0.0113827523917499,0.317799876773046,0.312768003654182,0.304326840373809,0.249708881252425,0.247697969153217,0.252198496132377,0.695902338046897,0.469533722605155,0.139724525219457,0.122581770690668,12.1708923616914,3.20638009288134,0.900878622000091,0.111049025812626,0.276095857135401,0.130626518417503,0.29611466923066
Spec-207,0.325272074241924,0.354082775146443,0.320645150611633,-0.010578870212809,0.00259121763741594,-0.0039868531886755,0.304192942908431,0.315351285185646,0.302610950897713,0.253666264489805,0.249225633193157,0.255193057843681,0.694572468475426,0.467432459374653,0.140024651516793,0.112736537012088,12.2455214702245,2.72540388465306,0.920535718609489,0.0848333838991219,0.280724209339744,0.125063679263976,0.265766515223838
Spec-208,0.335125719928684,0.335068501465955,0.329805778605361,0.00957126990410184,0.00690733219339369,0.0141531856913623,0.305413359194477,0.309640354556745,0.306772100460348,0.24964469539173,0.254921988992615,0.25462143265,0.693086569480916,0.466685136003708,0.13597257515996,0.118942310093873,12.0709980750077,2.25164538576493,0.923486916283901,0.0775448085362127,0.280829575432533,0.126983337182913,0.15884518691884
Spec-209,0.355185794975398,0.322930969548379,0.321883235476223,-0.000785778493756551,0.00772764450439646,-0.00511389268817691,0.325465543855724,0.308662827000776,0.317667509712101,0.24288689866987,0.242239078121953,0.254413195616008,0.69037807172688,0.472481652891996,0.142609052029487,0.114345638220613,11.9038167238843,2.66123160809914,0.921404001173934,0.0891155554165106,0.281057264246775,0.122818997394788,0.208849073003909
Spec-21,0.334309803772327,0.346326467089744,0.319363729137929,0.0115155812357745,-0.00204607366662395,-0.0106666006748264,0.308633421502356,0.322393354312467,0.304079234387199,0.244945333452253,0.254889137200946,0.24981508354805,0.685185972480932,0.407362020928852,0.136576094663901,0.0979991857206158,12.1223405616669,3.27389149497613,0.876803523736186,0.0492861173430221,0.210991077812383,0.0833152394104595,0.335585004258706
Spec-210,0.337280354858412,0.324349265113326,0.338370380028263,-0.0138436805644351,-0.0156595399488338,0.00536155547658692,0.320780871178872,0.307070483821144,0.309830814816538,0.257117799163655,0.248662519431303,0.242926441420493,0.683361056219435,0.467437213597406,0.14087831336477,0.11662979329447,11.820127597656,2.19346805566609,0.928861837240113,0.0678904777946566,0.279671333226058,0.127589266808123,0.156377711270413
Spec-211,0.334707358242356,0.335474384613479,0.329818257144166,-0.00444137950421554,-0.0119952392238406,0.00588031440897149,0.311893768547552,0.315303301880145,0.313612350089407,0.245957860134154,0.249511897571743,0.251390647570201,0.695521276597031,0.47111187737632,0.14365488799116,0.117346540851467,12.1953311686027,2.89550795033701,0.908849263299799,0.101917307553311,0.278454605938034,0.126533332003225,0.360309330570016
Spec-212,0.323090164106392,0.35043858730252,0.326471248591087,0.0145118519678725,-0.00695566421019142,-0.000190711100018504,0.306010178516692,0.304927164266865,0.297334636446828,0.265458886053495,0.247041394300466,0.253492688720186,0.696572385911327,0.474450377457377,0.136192860181827,0.119069691452453,12.3287332424487,2.94973722859468,0.908599458992213,0.101999700833156,0.281244025988188,0.125804709959786,0.312365076106154
Spec-213,0.361976342722342,0.325267645150826,0.312756012126832,0.0112820507922407,-0.000619277834469571,-0.0138926568027675,0.316840403584477,0.308503947398963,0.30828538857438,0.238389361247141,0.2514759949588,0.259706892456445,0.693432727880778,0.461840243658154,0.135208896610073,0.115953439982887,12.0350022522222,2.41743184689479,0.925832809908312,0.0764476874661242,0.279154803155659,0.124289179209913,0.266883126576582
Spec-214,0.295044027297085,0.330711695687272,0.374244277015643,-0.0119055729423782,-0.00762207315015657,-0.0189066816588347,0.285022205026222,0.316859431304401,0.330877494443373,0.244112619802423,0.25584695064774,0.247717156121547,0.698119524782701,0.470362930753399,0.140309789146681,0.12517922788884,11.8704784702902,2.2836483124686,0.92284464744695,0.0787281988442424,0.286669815507298,0.130569656610367,0.150460494048779
Spec-215,0.366504447802184,0.295103272884657,0.338392279313159,0.00317491329429353,0.0122656632554033,-0.0094328592589203,0.326355297742375,0.289842497889698,0.311836487925991,0.250241437217737,0.253331764106382,0.248160716795886,0.692149540027144,0.468823168131462,0.138790054660654,0.122814032759896,12.0321652999817,2.60331295333788,0.924631655711162,0.0788311647571843,0.28406311653351,0.131996532810616,0.265647710668386
Spec-216,0.337490912787963,0.321459626252279,0.341049460959759,0.00345514223566263,-0.0027616323300388,-0.0118183088502912,0.309537884654064,0.30696170208469,0.317473907386464,0.24575154925345,0.253566545447533,0.253167561955273,0.698220676264693,0.474937367962698,0.145819722378288,0.127428113302143,11.5762608636482,2.3290694559476,0.925432010919152,0.080104837976837,0.293036181497384,0.140297397011105,0.101398935286213
Spec-217,0.322616645342519,0.324975645308332,0.352407709349149,-0.0154120618342871,-0.00368380530242825,0.00700504576231727,0.307278054744904,0.30974436166395,0.323170723644295,0.247854782865179,0.249691251575626,0.248893792592721,0.699255089421155,0.475029973061827,0.138954892836185,0.117161363543509,12.4031219902624,3.18736117031342,0.901833849021399,0.108956826309193,0.279745611871421,0.12650720836855,0.357629168801438
Spec-218,0.332893265893636,0.340825376225806,0.326281357880558,0.00520758490447057,0.00591747025955558,-0.0132258306471425,0.309669162449273,0.31094723554575,0.304024727258614,0.254618229556459,0.251040749191009,0.251946826518137,0.707635754385175,0.47860594153635,0.133904120527336,0.127004163579473,11.8890939622726,2.16208436222054,0.930964378944096,0.0678382141293939,0.297011684609098,0.131732827675106,0.153224003922368
Spec-219,0.345731371507371,0.340924724341024,0.313343904151604,0.000893112679377857,-0.0137233828719826,0.0310843003640591,0.308015021827468,0.299739715884724,0.303030250697991,0.252352635526026,0.244896392955697,0.265962840374356,0.691233517171997,0.468494665073901,0.134780193145884,0.11512811433484,12.0493870836299,2.59869322046566,0.924990374285396,0.0766678242122036,0.282890901237908,0.125292371658343,0.15817970678847
Spec-22,0.362646573583688,0.335584547872596,0.301768878543716,-0.00824010993601341,-0.00809612501158988,0.0200014189371685,0.316397993268294,0.314991260928744,0.299663749672278,0.238461898977506,0.25328687844472,0.258216299536172,0.68653961697426,0.407240806952922,0.140726611592418,0.0981138929487154,9.11950303174028,2.36095542654105,0.873738145826849,0.0535991806550214,0.206619409151067,0.0816178001729499,0.106113815513268
Spec-220,0.344735707871092,0.324219008095632,0.331045284033276,0.00669325242174096,0.0138509958509625,-0.00198333543972566,0.315345867856853,0.308031822020734,0.306664092235836,0.250406850020899,0.254556335793222,0.248575215303277,0.691386137744439,0.467554234401077,0.136831459785097,0.113031138512434,12.2829742896908,2.8633878504598,0.920155389502981,0.0899725037548592,0.278407817927821,0.121238410142107,0.264826714603638
Spec-221,0.330394893598727,0.333883097326682,0.335722009074591,-0.00375543782999882,-0.0220785245642249,0.0104083642713495,0.309763472288657,0.315359271741037,0.312313375133169,0.248353241046493,0.252053968130652,0.247771450419277,0.694053814059015,0.475554163216539,0.13724008660736,0.113280918129652,12.2662979329444,2.79229274444638,0.914665611192914,0.0932255321046195,0.282407905932249,0.122659901870704,0.365267442522244
Spec-222,0.32747024096536,0.340656173360987,0.331873585673653,-0.0057164588915098,-0.0130139537556237,0.00827937318064748,0.311973653189489,0.315488451831423,0.316849068927202,0.248951244986639,0.244252403415232,0.251998306435796,0.706555386829845,0.472565407465641,0.138018897000045,0.122853700315034,11.6623433973205,2.16269197596694,0.926718063974124,0.0786814196310046,0.291896832258416,0.134058994012834,0.150767642557753
Spec-223,0.378046663216338,0.338767736422549,0.283185600361113,-0.0158585759210873,0.0122365530146036,0.016216350590112,0.327946889869081,0.308189414145737,0.295166067349948,0.242420718602133,0.239722472419971,0.265683504930774,0.703990095926182,0.477753279826537,0.130279396787981,0.116438766383055,12.0031521219034,2.46198853392691,0.931122925290802,0.0714662372787333,0.296087732097826,0.125900560992841,0.104734650607807
Spec-224,0.323611816501934,0.349734211941964,0.326653971556102,0.00337360035812899,-0.00432986887201984,-0.00738832386996195,0.312177758211241,0.319562019736897,0.325308369618337,0.243716720304777,0.235566527968609,0.258180699490233,0.710933348184714,0.482164899848356,0.13867178092163,0.125153263275583,11.9146036417846,2.20925583389901,0.923967984433814,0.0801604507462798,0.295595993598897,0.132838482170441,0.105156788952223
Spec-225,0.332560135523134,0.328276180542898,0.339163683933969,0.00987003934052524,0.00480333943380184,-0.00332929936698392,0.319650536659806,0.321400143571788,0.31318981353415,0.248666759860903,0.253942452830686,0.235926669351238,0.703846930654216,0.475985090276533,0.136546348220123,0.126128681532745,11.9613844463398,2.35173014208863,0.926085222212557,0.0764245264476642,0.293705960767105,0.135671233158507,0.211709137733625
Spec-226,0.327848139592072,0.34274242177618,0.329409438631748,-0.00450418948219823,0.000387714895460101,0.00899988465010778,0.311451047726931,0.316143177868072,0.308386810592034,0.252886422143667,0.249010237367852,0.247902982458866,0.693749041064097,0.472273032465638,0.141293350183021,0.118357266766731,12.1292528101061,3.13438975239715,0.904859321904418,0.102552765972251,0.276558239924653,0.125858384499236,0.449924006606033
Spec-227,0.339715504104965,0.339272518329906,0.321011977565129,0.00125879386679521,0.00295764291267204,0.0117603024341597,0.314601601171137,0.315202812800218,0.308452687363774,0.247516837021614,0.248552641155747,0.252287515339922,0.70114955505268,0.476039592902245,0.135097112130588,0.119940139842603,12.1780494582123,2.73609291202773,0.917971458572459,0.0874063695845428,0.286195731227543,0.126136303218941,0.369109405185308
Spec-228,0.338672706242976,0.329170738166152,0.332156555590872,-0.0015385181459066,-0.00409412428856853,0.0100804206401218,0.305690614651961,0.309209366622521,0.307081847737251,0.2474236171974,0.257928688258981,0.253216914090322,0.694633437125041,0.471130757738388,0.13792096670342,0.119807586331771,11.9252552122146,3.14683175714781,0.906879613455377,0.107154913378975,0.279748491972969,0.127335540722879,0.326928761073978
Spec-229,0.327492470258089,0.334653812750414,0.337853716991497,0.0199055644020917,0.00880240827816016,0.00477244519184326,0.308632756232698,0.308437452207222,0.309577221474479,0.254831875879561,0.250430834750432,0.249851176677217,0.692492306195447,0.470169973198021,0.139750452856413,0.115209001205654,11.9549678774831,2.61513538921549,0.91970269757426,0.0830993711629972,0.281049962929057,0.124101528638552,0.313471962500204
Spec-23,0.331174596909494,0.334926207369044,0.333899195721462,0.00532470392022694,0.00856579027634016,-0.000595060785563033,0.307545380360154,0.315608002597277,0.314977118222389,0.244531045370574,0.252033192716697,0.252064372340503,0.687384320797374,0.406745281448459,0.14135942279407,0.0975629006688266,10.9717744028548,2.92580635331574,0.875265976861284,0.0525650371800643,0.210316899886718,0.0845965194824427,0.226342272386136
Spec-230,0.357173232154429,0.326896184555101,0.31593058329047,-0.00267317436706798,0.0130929633236994,0.00631994147597813,0.31677792889067,0.313781778667802,0.299332159028919,0.24412145706576,0.259082405703901,0.249639009292249,0.692894850814749,0.469431865990566,0.144164308323341,0.12026353703692,12.0387111237414,2.43314100337252,0.920778856280634,0.086352536872476,0.282103697166256,0.127755609138372,0.208102111652809
Spec-231,0.346423652677105,0.323439339659033,0.330137007663862,-0.00799472973689407,-0.00504900082840346,-0.00343841883729591,0.316971320412112,0.309055319908089,0.314528491975109,0.244703132113095,0.250122265772562,0.252317885111296,0.69996927791769,0.465069624914474,0.141009289843264,0.113138645605792,12.1055640608035,2.85350682116514,0.909235508651679,0.10067860268535,0.274856756368945,0.123096828670491,0.255035346936143
Spec-232,0.338177734961895,0.332867449203115,0.32895481583499,-0.023051787326589,0.0123051561753041,-0.00917920905355523,0.309101581937669,0.312037092142876,0.306916658331251,0.247397899821566,0.255266054742727,0.251763684816783,0.696969485105646,0.473413341446704,0.143984243326676,0.118343676587053,11.8563170807121,2.55505405501077,0.920047074929725,0.0810560732897283,0.283813012200908,0.126899200590268,0.151885606367243
Spec-233,0.332377854264066,0.308883713557686,0.358738432178248,-0.00171335984543092,0.00367294390367215,0.00791049742599789,0.305822947966391,0.300499679666341,0.318187999267945,0.248854078244414,0.259091429366725,0.247856011602289,0.696378374013773,0.470056050300862,0.14343000647894,0.11931358152097,12.0726511205449,2.63731098021857,0.92171304983931,0.0829148279540106,0.284924182879076,0.130823421562515,0.31840267203417
Spec-234,0.323399028657215,0.327977925289373,0.348623046053412,0.00190034404458818,-0.00118135623010449,0.010476370897891,0.313998539756404,0.311485129851079,0.322298984688011,0.251609219324453,0.24523315940925,0.245358343484652,0.692457597224738,0.4715893867341,0.137137005787014,0.118540477247856,12.2355814016464,2.8137456431619,0.912542081232875,0.0981278301239055,0.282168349915858,0.129153951787311,0.361564722776264
Spec-235,0.360732592669076,0.306537976720075,0.332729430610849,0.0126261815613299,-0.0172503251754157,-0.00624730252855301,0.314782121588578,0.281954695779372,0.300321119298752,0.258588569534643,0.25540471208249,0.258275233432783,0.685390941782555,0.457977206536028,0.14257927540436,0.107350927233751,11.8715165477022,2.18605934360065,0.929565686308342,0.0643509814800718,0.272800861460187,0.116052418191704,0.105957724665296
Spec-236,0.308148053462973,0.354379661676788,0.33747228486024,0.0112190973488726,0.0134733020472094,0.00482182203491893,0.287511942124551,0.304803918051303,0.308957772396464,0.258900325763717,0.248113554826922,0.263621917755966,0.687766686156615,0.466674603964695,0.136949230343058,0.119512310057241,11.9067612300141,2.18798585816052,0.929837808661745,0.0687380857040162,0.278971387671452,0.123314145551052,0.101497068146603
Spec-237,0.357797145844055,0.347770223716865,0.29443263043908,-0.00623760897810699,-0.00952399572230511,0.0184340107682899,0.318761210602485,0.314930388183617,0.306341440087206,0.238729696523642,0.239738457880339,0.266527308850908,0.684230202099395,0.466457934011406,0.141535537387674,0.120405491015861,11.8405568237961,2.03133494925382,0.933121979234641,0.0683143292042318,0.282049028886718,0.130941656751345,0.105515784520275
Spec-238,0.349258322854219,0.315507583197813,0.335234093947968,-0.00601059073296851,-0.000951540715999305,-0.00748829263642773,0.31911788963056,0.311742991042923,0.314579069712082,0.24229066474345,0.255764241032407,0.245435471481662,0.691611870059421,0.468914250159704,0.136951756428852,0.121802921228567,12.0506263735946,2.50178191512188,0.921956543115434,0.0835327829971724,0.282359711662732,0.128749622127194,0.320835600859656
